BB 10 01 00 07 00 03 01 00 00 00 00 00 00 32 E6
BB 10 03 00 0A 01 03 02 00 00 00 00 02 05 A5 28
BB 10 03 00 0D 00 03 03 00 00 00 00 00 00 C8 C1
BB 10 03 00 0F 00 03 03 00 00 00 00 DC B4 31 BC
BB 10 01 00 0B 00 03 03 00 00 00 02 7D 1C 50 40
BB 10 03 00 0E 00 03 02 00 00 00 00 00 C5 E8 5D
BB 10 01 00 0A 00 03 02 00 00 00 00 00 00 90 1C
BB 10 01 00 04 00 03 01 00 00 00 00 00 00 C2 E9
BB 10 03 00 01 00 03 02 00 00 00 00 00 00 18 3E
BB 10 01 00 07 00 03 01 00 00 00 00 00 00 32 E6
BB 10 03 00 0A 01 03 02 00 00 00 00 02 05 A5 28
BB 10 03 00 0D 00 03 03 00 00 00 00 00 00 C8 C1
BB 10 03 00 02 01 03 03 00 00 00 02 98 10 3E AD
BB 10 03 00 0F 00 03 03 00 00 00 00 DC B4 31 BC
BB 10 01 00 0B 00 03 03 00 00 00 02 7D 1C 50 40
BB 10 03 00 0E 00 03 02 00 00 00 00 00 C5 E8 5D
BB 10 01 00 0A 00 03 02 00 00 00 00 00 00 90 1C
BB 10 01 00 04 00 03 01 00 00 00 00 00 00 C2 E9
BB 10 01 00 01 00 03 01 00 00 00 00 00 00 D2 F9
BB 10 03 00 01 00 03 02 00 00 00 00 00 00 18 3E
BB 10 01 00 07 00 03 01 00 00 00 00 00 00 32 E6
BB 10 03 00 0A 01 03 02 00 00 00 00 02 05 A5 28
BB 10 03 00 0D 00 03 03 00 00 00 00 00 00 C8 C1
BB 10 03 00 0F 00 03 03 00 00 00 00 DC B4 31 BC
BB 10 01 00 0B 00 03 03 00 00 00 02 7D 1C 50 40
BB 10 03 00 0E 00 03 02 00 00 00 00 00 C5 E8 5D
BB 10 01 00 0A 00 03 02 00 00 00 00 00 00 90 1C
BB 10 01 00 04 00 03 01 00 00 00 00 00 00 C2 E9
BB 10 01 00 01 00 03 01 00 00 00 00 00 00 D2 F9
BB 10 03 00 01 00 03 02 00 00 00 00 00 00 18 3E
BB 10 01 00 07 00 03 01 00 00 00 00 00 00 32 E6
BB 10 03 00 0A 01 03 02 00 00 00 00 02 06 E5 29
BB 10 03 00 0D 00 03 03 00 00 00 00 00 00 C8 C1
BB 10 03 00 0F 00 03 03 00 00 00 00 DC B4 31 BC
BB 10 01 00 0B 00 03 03 00 00 00 02 7D 1C 50 40
BB 10 03 00 0E 00 03 02 00 00 00 00 00 C5 E8 5D
BB 10 03 00 03 01 03 02 00 00 00 00 00 2B F4 7B
BB 10 01 00 0A 00 03 02 00 00 00 00 00 00 90 1C
BB 10 01 00 04 00 03 01 00 00 00 00 00 00 C2 E9
BB 10 03 00 01 00 03 02 00 00 00 00 00 00 18 3E
BB 10 01 00 07 00 03 01 00 00 00 00 00 00 32 E6
BB 10 03 00 0A 01 03 02 00 00 00 00 02 05 A5 28
BB 10 03 00 0D 00 03 03 00 00 00 00 00 00 C8 C1
BB 10 03 00 0F 00 03 03 00 00 00 00 DC B4 31 BC
BB 10 01 00 0B 00 03 03 00 00 00 02 7A C4 52 2A
BB 10 03 00 0E 00 03 02 00 00 00 00 00 C5 E8 5D
BB 10 01 00 0A 00 03 02 00 00 00 00 00 00 90 1C
BB 10 01 00 04 00 03 01 00 00 00 00 00 00 C2 E9
BB 10 01 00 01 00 03 01 00 00 00 00 00 00 D2 F9
BB 10 03 00 01 00 03 02 00 00 00 00 00 00 18 3E
BB 10 01 00 07 00 03 01 00 00 00 00 00 00 32 E6
BB 10 03 00 0F 00 03 03 00 00 00 00 DC 50 31 F7
BB 10 01 00 0B 00 03 03 00 00 00 02 7D 1C 50 40
BB 10 03 00 0E 00 03 02 00 00 00 00 00 C5 E8 5D
BB 10 01 00 0A 00 03 02 00 00 00 00 00 01 51 DC
BB 10 01 00 04 00 03 01 00 00 00 00 00 00 C2 E9
BB 10 01 00 01 00 03 01 00 00 00 00 00 00 D2 F9
BB 10 03 00 01 00 03 02 00 00 00 00 00 00 18 3E
BB 10 01 00 07 00 03 01 00 00 00 00 00 00 32 E6
BB 10 03 00 02 01 03 03 00 00 00 02 98 10 3E AD
BB 10 03 00 0F 00 03 03 00 00 00 00 DC B4 31 BC
BB 10 01 00 0B 00 03 03 00 00 00 02 7D 1C 50 40
BB 10 03 00 0E 00 03 02 00 00 00 00 00 C5 E8 5D
BB 10 01 00 0A 00 03 02 00 00 00 00 00 01 51 DC
BB 10 01 00 01 00 03 01 00 00 00 00 00 00 D2 F9
BB 10 03 00 01 00 03 02 00 00 00 00 00 00 18 3E
BB 10 01 00 07 00 03 01 00 00 00 00 00 00 32 E6
BB 10 03 00 0A 01 03 02 00 00 00 00 02 05 A5 28
BB 10 03 00 0D 00 03 03 00 00 00 00 00 00 C8 C1
BB 10 03 00 0F 00 03 03 00 00 00 00 DC B4 31 BC
BB 10 01 00 0B 00 03 03 00 00 00 02 7D 1C 50 40
BB 10 03 00 0E 00 03 02 00 00 00 00 00 C5 E8 5D
BB 10 01 00 0A 00 03 02 00 00 00 00 00 01 51 DC
BB 10 01 00 04 00 03 01 00 00 00 00 00 00 C2 E9
BB 10 01 00 01 00 03 01 00 00 00 00 00 00 D2 F9
BB 10 03 00 01 00 03 02 00 00 00 00 00 00 18 3E

2			81			CC
0010	1000 0001	1101 1101


00 00 00 00 00 00 C2 E9


Todo:
二氧化碳的数据解析：比如：BB 10 03 00 0A 01 03 02 00 00 00 00 02 0C 65 2E
这里前面确定是二氧化碳后，有效数据只有倒数第三和第四个字节，这里是 02 0C，也就是十进制 524


10. PH计 (6.8 PH): 	BB 10 03 00 0F 00 03 03 00 00 00 00 DC B4 31 BC
   原始数据: 		bb 10 03 00 0f 00 03 03 00 00 00 01 09 80
   带CRC数据: bb 10 03 00 0f 00 03 03 00 00 00 01 09 80 3f 3b
   设备名称: PH计
   解析结果: 6.7968 PH
   数据类型: 浮点型



